000010000
001000001
101010000
101010000
101010000
101010000
001111000
011110000
001110000
011110001
000010101
000011010
000001001
000010000
001000001
000001000
000011111
000001101
010111100
000010000
000000010
010000000
000101100
000010000
001000001
101010000
101010000
101010000
101010000
011010010
011100011
000010101
100110010
110000100
000010000
001000001
000000100
000010000
000000011
000011010
001100001
000010010
000111100
110000010
000011111
000001101
000010000
001000001
101010000
101010000
101010000
101010000
010010010
010100011
010010000
000010111
101100101
101100101
101100101
101100101
101100101
101100101
101100101
100010010
011110000
010010001
000010000
000000011
000010001
101100000
101100000
101100000
101100000
101100000
101100000
101100000
100000010
110000111
110001000
000010000
001000001
101010000
101010000
101010000
101010000
011110001
000010000
001000001
000001000
000010000
001000001
101010000
101010000
101010000
101010000
000010010
100000010
110001010
110000001
000010000
001000001
000000100
000010000
001000001
101010000
101010000
101010000
101010000
000011111
001110001
000010011
000010001
100000010
110001100
110000000
110001100