000011010
000011111
001110100
010001000
000010101
000000100
101100101
101100101
101100101
101100101
101100101
101100101
101100101
000010000
000000001
010011001
101100101
101100101
101100101
101100101
101100101
101100101
101100101
000100001
011001100
010001000
000010101
000000100
101100101
101100101
101100101
101100101
101100101
101100101
101100101
100010010
110000001
000010101
000010100
110000010
000010101
000000100
011011101
010001001
000010101
000000100
101100101
101100101
101100101
101100101
101100101
101100101
101100101
100010010
110000100
000010101
000010100
110000101
000010101
000000100
011011110
000010000
011001010
011001011
010001110
100000010
110001100
010001101
011001111
010001111
100000010
110001011
010001010
000010101
001010001
000000001
011001010
100000110
010001011
000010101
001010001
000000001
011001011
010001111
000010101
001010001
000010001
011001111
110001000
010001110
000010101
001010001
000010001
011001110
110000110
010001100
100000010
110001110
000010101
001000001
000010100
010001010
000100001
011001010
010001011
000100001
011001011
010001010
000010101
001010001
000000001
011001010
100000110
010001011
000010101
001010001
000000001
011001011
110001110