000010000
000010101
011000111
000010101
001010100
011000100
011000101
011000110
000010101
010000100
000011010
000001000
101101010
101101010
101101010
101101010
101101010
101101010
101101010
000011111
000101110
100100101
000010101
001011000
011000100
110000100
110000011
000010101
000010100
000010000
000000001
000010101
001011000
011000100
110000100
000010101
010000101
000011010
000001000
101101010
101101010
101101010
101101010
101101010
101101010
101101010
000101110
100100101
000010101
001011000
011000101
110001000
110000111
000010101
000010100
000010000
000000001
000010101
001011000
011000101
110001000
000010101
010000110
000011010
000001000
101101010
101101010
101101010
101101010
101101010
101101010
101101010
000101110
000010101
001010100
011110110
100100101
000010101
001011000
011000110
110001100
110001011
000010101
000010100
000010000
000000001
000010101
001011000
011000110
110001100
000010101
001011000
010000100
100000010
110011110
110001111
010100101
011100111
010100111
100100010
110011100
110010010
010110110
100110010
110011010
000010000
001000001
000010101
010100111
000001000
011100111
100100010
110010110
110011001
000010101
001010100
010100100
000001000
011100100
100100010
110011000
110011001
010100101
000001000
011100101
110011001
000011100
110010011
000010101
001011000
000011010
001100001
010000111
000010010
011000111
100000010
110011100
110010000
000010101
001011000
000011010
001100001
010000100
000010010
011000100
100000010
110011110
110001101
000010101
001010100
010000110
100000010
110100110
110100000
000011010
001110001
000011011
000010101
010110111
000101110
011110111
000010101
001010100
010110100
000101110
011110100
010110101
000101110
011110101
000011010
001100001
000010000
010110011
000001110
011110011
100110010
110100010
110100101
000010101
001010100
010110100
000001110
011110100
100110010
110100100
110100101
010110101
000001110
011110101
110100101
110100110
110100110